50 5
-61313999 -32438634
30896555 -20250029
73395237 -16178783
89980442 66911939
-1418139 81783400
22706893 51702577
23632039 69268485
60913928 37580776
-56926432 -25364434
-30045988 2051764
5456631 -47619587
3901253 31992415
-70255355 -46850577
-98363443 -6745766
-61185678 -79299305
-59223862 63683667
1051348 -74578100
-34385025 466405
43978346 25527644
-21753963 -2560901
91624237 -46578635
76012980 -1750294
-5838938 -59971631
-23320850 -9278065
69976113 52781239
-86624510 38445955
-16945417 21427930
-89920831 17553998
65867839 -75863008
-99377893 -38358428
-30584665 -2414356
62381598 -49396649
15266666 -43436236
37492613 -96876427
-89472732 -2379653
-75811322 -49316229
39197075 -25841175
93983464 -53129835
54356068 -81231210
77022787 -19595711
91837770 16361388
-42323909 -53196832
-39716938 -4933652
-42927035 41137695
93091754 31177591
72924381 7834046
-21013622 -87968762
26124296 -36157379
77009026 61022263
82277279 76745471